0.000289,-0.000142,-0.753871
0.000285,-0.000143,-0.748561
0.000278,-0.000145,-0.743216
0.000271,-0.000144,-0.737832
0.000267,-0.000143,0.005262
0.000263,-0.000145,0.005277
0.000260,-0.000144,0.005291
0.000257,-0.000145,0.005300
0.000253,-0.000147,0.005310
0.000251,-0.000146,0.005316
0.000250,-0.000147,0.005321
0.000249,-0.000147,0.005325
0.000247,-0.000146,0.005330
0.000248,-0.000146,0.005335
0.000247,-0.000145,0.005342
0.000246,-0.000145,0.005350
0.000245,-0.000146,0.005357
0.000244,-0.000145,0.005365
0.000244,-0.000144,0.005372
0.000243,-0.000144,0.005377
0.000241,-0.000144,0.005383
0.000241,-0.000145,0.005388
0.000239,-0.000144,0.005394
0.000239,-0.000144,0.005399
0.000240,-0.000143,0.005401
0.000239,-0.000143,0.005407
0.000239,-0.000143,0.005414
0.000241,-0.000142,0.005420
0.000242,-0.000141,0.005422
0.000243,-0.000142,0.005424
0.000243,-0.000143,0.005428
0.000241,-0.000145,0.005431
0.000241,-0.000142,0.005437
0.000241,-0.000143,0.005440
0.000240,-0.000145,0.005442
0.000240,-0.000146,0.005443
0.000239,-0.000146,0.005444
0.000239,-0.000147,0.005448
0.000239,-0.000147,0.005449
0.000238,-0.000147,0.005453
0.000239,-0.000148,0.005455
0.000239,-0.000147,0.005458
0.000239,-0.000149,0.005459
0.000238,-0.000147,0.005462
0.000238,-0.000146,0.005464
0.000237,-0.000145,0.005465
0.000237,-0.000143,0.005464
0.000237,-0.000143,0.005461
0.000236,-0.000141,0.005457
0.000234,-0.000144,0.005450
0.000234,-0.000143,0.005442
0.000232,-0.000145,0.005435
0.000233,-0.000144,0.005430
0.000230,-0.000145,0.005424
0.000232,-0.000144,0.005419
0.000232,-0.000143,0.005416
0.000231,-0.000143,0.005414
0.000231,-0.000146,0.005410
0.000230,-0.000145,0.005404
0.000231,-0.000145,0.005402
0.000230,-0.000145,0.005400
0.000231,-0.000144,0.005397
0.000230,-0.000145,0.005397
0.000231,-0.000142,0.005395
0.000231,-0.000140,0.005395
0.000231,-0.000142,0.005392
0.000231,-0.000142,0.005389
0.000230,-0.000143,0.005388
0.000231,-0.000143,0.005386
0.000231,-0.000144,0.005384
0.000230,-0.000144,0.005384
0.000230,-0.000144,0.005380
0.000230,-0.000146,0.005376
0.000229,-0.000145,0.005374
0.000229,-0.000147,0.005375
0.000231,-0.000148,0.005378
0.000231,-0.000147,0.005381
0.000233,-0.000148,0.005381
0.000232,-0.000149,0.005382
0.000230,-0.000148,0.005386
0.000231,-0.000147,0.005391
0.000231,-0.000147,0.005399
0.000234,-0.000148,0.005404
0.000234,-0.000148,0.005410
0.000231,-0.000148,0.005416
0.000229,-0.000149,0.005421
0.000231,-0.000148,0.005424
0.000230,-0.000147,0.005424
0.000230,-0.000146,0.005426
0.000229,-0.000146,0.005426
0.000230,-0.000146,0.005424
0.000228,-0.000146,0.005420
0.000227,-0.000146,0.005414
0.000228,-0.000146,0.005410
0.000227,-0.000147,0.005407
0.000229,-0.000145,0.005406
0.000230,-0.000143,0.005404
0.000233,-0.000141,0.005400
0.000232,-0.000142,0.005397
0.000231,-0.000141,0.005396
0.000231,-0.000142,0.005396
0.000231,-0.000144,0.005394
0.000230,-0.000144,0.005390
0.000230,-0.000144,0.005385
0.000230,-0.000144,0.005378
0.000231,-0.000142,0.005372
0.000231,-0.000143,0.005371
0.000230,-0.000144,0.005369
0.000231,-0.000143,0.005368
0.000231,-0.000144,0.005370
0.000232,-0.000144,0.005370
0.000232,-0.000141,0.005371
0.000232,-0.000140,0.005374
0.000233,-0.000140,0.005374
0.000234,-0.000140,0.005377
0.000235,-0.000141,0.005381
0.000238,-0.000141,0.005383
0.000237,-0.000140,0.005381
0.000237,-0.000140,0.005382
0.000237,-0.000140,0.005387
0.000235,-0.000141,0.005389
0.000236,-0.000142,0.005388
0.000235,-0.000142,0.005385
0.000235,-0.000141,0.005380
0.000235,-0.000143,0.005376
0.000236,-0.000142,0.005370
0.000233,-0.000143,0.005365
0.000233,-0.000142,0.005365
0.000234,-0.000143,0.005361
0.000233,-0.000142,0.005358
0.000232,-0.000142,0.005358
0.000231,-0.000143,0.005357
0.000231,-0.000141,0.005358
0.000231,-0.000138,0.005355
0.000232,-0.000136,0.005351
0.000232,-0.000136,0.005347
0.000231,-0.000137,0.005345
0.000232,-0.000137,0.005347
0.000233,-0.000137,0.005349
0.000233,-0.000137,0.005349
0.000233,-0.000137,0.005350
0.000234,-0.000136,0.005352
0.000235,-0.000138,0.005353
0.000235,-0.000138,0.005357
0.000234,-0.000140,0.005359
0.000235,-0.000137,0.005361
0.000234,-0.000138,0.005358
0.000232,-0.000136,0.005356
0.000231,-0.000135,0.005354
0.000232,-0.000134,0.005349
0.000231,-0.000136,0.005345
0.000230,-0.000137,0.005342
0.000229,-0.000138,0.005340
0.000230,-0.000139,0.005339
0.000230,-0.000139,0.005339
0.000230,-0.000139,0.005339
0.000232,-0.000139,0.005341
0.000231,-0.000140,0.005344
0.000230,-0.000140,0.005348
0.000231,-0.000139,0.005352
0.000231,-0.000140,0.005354
0.000233,-0.000141,0.005355
0.000232,-0.000141,0.005356
0.000231,-0.000143,0.005357
0.000229,-0.000143,0.005354
0.000231,-0.000142,0.005352
0.000232,-0.000142,0.005350
0.000231,-0.000143,0.005350
0.000230,-0.000141,0.005351
0.000228,-0.000138,0.005349
0.000229,-0.000139,0.005347
0.000228,-0.000140,0.005344
0.000228,-0.000141,0.005341
0.000228,-0.000142,0.005340
0.000228,-0.000143,0.005338
0.000229,-0.000146,0.005337
0.000228,-0.000144,0.005336
0.000226,-0.000143,0.005337
0.000226,-0.000144,0.005338
0.000228,-0.000145,0.005339
0.000226,-0.000146,0.005338
0.000227,-0.000147,0.005338
0.000225,-0.000147,0.005337
0.000224,-0.000147,0.005338
0.000225,-0.000148,0.005338
0.000226,-0.000147,0.005337
0.000227,-0.000145,0.005336
0.000228,-0.000146,0.005339
0.000228,-0.000147,0.005344
0.000228,-0.000147,0.005348
0.000229,-0.000147,0.005352
0.000229,-0.000147,0.005356
0.000229,-0.000149,0.005359
0.000229,-0.000148,0.005362
0.000229,-0.000148,0.005364
0.000229,-0.000150,0.005366
0.000229,-0.000149,0.005368
0.000228,-0.000151,0.005369
0.000228,-0.000151,0.005371
0.000227,-0.000151,0.005370
0.000228,-0.000151,0.005370
0.000227,-0.000150,0.005372
0.000228,-0.000149,0.005373
0.000228,-0.000149,0.005376
0.000228,-0.000151,0.005379
0.000225,-0.000150,0.005380
0.000225,-0.000149,0.005381
0.000225,-0.000149,0.005387
0.000225,-0.000150,0.005387
0.000225,-0.000150,0.005385
0.000225,-0.000151,0.005387
0.000225,-0.000148,0.005389
0.000227,-0.000146,0.005392
0.000228,-0.000144,0.005395
0.000229,-0.000146,0.005398
0.000229,-0.000146,0.005403
0.000231,-0.000147,0.005407
0.000233,-0.000147,0.005408
0.000233,-0.000146,0.005410
0.000233,-0.000147,0.005411
0.000235,-0.000144,0.005410
0.000236,-0.000142,0.005412
0.000237,-0.000138,0.005412
0.000237,-0.000140,0.005412
0.000237,-0.000138,0.005411
0.000239,-0.000137,0.005412
0.000240,-0.000136,0.005415
0.000239,-0.000137,0.005416
0.000238,-0.000137,0.005415
0.000237,-0.000138,0.005413
0.000236,-0.000140,0.005407
0.000235,-0.000140,0.005401
0.000236,-0.000142,0.005395
0.000237,-0.000141,0.005388
0.000236,-0.000141,0.005381
0.000234,-0.000140,0.005377
0.000234,-0.000141,0.005372
0.000234,-0.000141,0.005367
0.000234,-0.000141,0.005363
0.000234,-0.000144,0.005362
0.000234,-0.000144,0.005362
0.000234,-0.000145,0.005364
0.000232,-0.000144,0.005366
0.000231,-0.000144,0.005369
0.000229,-0.000144,0.005371
0.000230,-0.000144,0.005373
0.000228,-0.000143,0.005376
0.000229,-0.000144,0.005380
0.000229,-0.000142,0.005384
0.000229,-0.000143,0.005385
0.000228,-0.000144,0.005384
0.000229,-0.000143,0.005386
0.000230,-0.000143,0.005387
0.000231,-0.000144,0.005387
0.000230,-0.000147,0.005389
0.000231,-0.000145,0.005388
0.000231,-0.000146,0.005389
0.000231,-0.000148,0.005388
0.000230,-0.000147,0.005387
0.000231,-0.000149,0.005385
0.000230,-0.000147,0.005382
0.000228,-0.000149,0.005381
0.000228,-0.000148,0.005382
0.000229,-0.000147,0.005382
0.000229,-0.000147,0.005382
0.000229,-0.000147,0.005383
0.000231,-0.000147,0.005381
0.000230,-0.000148,0.005378
0.000231,-0.000147,0.005373
0.000232,-0.000148,0.005369
0.000229,-0.000147,0.005364
0.000229,-0.000148,0.005361
0.000229,-0.000147,0.005360
0.000229,-0.000147,0.005358
0.000228,-0.000147,0.005358
0.000228,-0.000146,0.005358
0.000229,-0.000144,0.005357
0.000229,-0.000145,0.005356
0.000229,-0.000144,0.005354
0.000228,-0.000145,0.005351
0.000227,-0.000146,0.005346
0.000226,-0.000144,0.005345
0.000227,-0.000144,0.005343
0.000228,-0.000145,0.005343
0.000228,-0.000145,0.005344
0.000230,-0.000144,0.005344
0.000231,-0.000142,0.005345
0.000230,-0.000144,0.005348
0.000233,-0.000145,0.005352
0.000234,-0.000145,0.005358
0.000233,-0.000147,0.005364
0.000235,-0.000146,0.005369
0.000236,-0.000145,0.005373
0.000236,-0.000144,0.005378
0.000237,-0.000144,0.005383
0.000238,-0.000143,0.005389
0.000238,-0.000144,0.005394
0.000236,-0.000142,0.005398
0.000236,-0.000142,0.005401
0.000238,-0.000143,0.005407
0.000238,-0.000144,0.005412
0.000241,-0.000144,0.005412
0.000241,-0.000143,0.005412
0.000242,-0.000142,0.005410
0.000243,-0.000141,0.005409
0.000242,-0.000142,0.005408
0.000243,-0.000144,0.005408
0.000244,-0.000143,0.005410
0.000244,-0.000143,0.005411
0.000244,-0.000144,0.005413
0.000244,-0.000144,0.005413
0.000246,-0.000144,0.005412
0.000246,-0.000144,0.005411
0.000248,-0.000144,0.005408
0.000249,-0.000143,0.005405
0.000249,-0.000142,0.005404
0.000249,-0.000142,0.005403
0.000249,-0.000144,0.005402
0.000247,-0.000144,0.005403
0.000246,-0.000145,0.005402
0.000245,-0.000145,0.005401
0.000245,-0.000144,0.005399
0.000244,-0.000144,0.005395
0.000244,-0.000142,0.005392
0.000245,-0.000139,0.005391
0.000245,-0.000136,0.005391
0.000245,-0.000136,0.005390
0.000245,-0.000136,0.005389
0.000246,-0.000137,0.005388
0.000245,-0.000138,0.005390
0.000244,-0.000138,0.005390
0.000242,-0.000140,0.005391
0.000240,-0.000140,0.005392
0.000239,-0.000141,0.005394
0.000236,-0.000142,0.005399
0.000237,-0.000143,0.005399
0.000238,-0.000141,0.005399
0.000237,-0.000143,0.005404
0.000234,-0.000144,0.005411
0.000235,-0.000145,0.005417
0.000234,-0.000146,0.005421
0.000233,-0.000147,0.005426
0.000231,-0.000146,0.005431
0.000232,-0.000146,0.005435
0.000232,-0.000148,0.005439
0.000233,-0.000147,0.005441
0.000233,-0.000147,0.005443
0.000234,-0.000148,0.005443
0.000232,-0.000145,0.005442
0.000232,-0.000142,0.005439
0.000232,-0.000141,0.005436
0.000232,-0.000141,0.005432
0.000232,-0.000141,0.005430
0.000233,-0.000143,0.005428
0.000233,-0.000143,0.005424
0.000232,-0.000143,0.005424
0.000232,-0.000146,0.005422
0.000232,-0.000145,0.005424
0.000231,-0.000146,0.005427
0.000232,-0.000143,0.005425
0.000231,-0.000143,0.005422
0.000230,-0.000144,0.005419
0.000229,-0.000142,0.005416
0.000229,-0.000142,0.005410
0.000229,-0.000143,0.005404
0.000230,-0.000144,0.005400
0.000228,-0.000146,0.005396
0.000229,-0.000145,0.005393
0.000229,-0.000145,0.005393
0.000228,-0.000146,0.005395
0.000230,-0.000146,0.005393
0.000227,-0.000147,0.005391
0.000228,-0.000147,0.005391
0.000229,-0.000147,0.005392
0.000229,-0.000148,0.005391
0.000227,-0.000146,0.005392
0.000228,-0.000146,0.005393
0.000230,-0.000147,0.005394
0.000229,-0.000148,0.005394
0.000229,-0.000146,0.005392
0.000229,-0.000143,0.005390
0.000228,-0.000140,0.005388
0.000228,-0.000140,0.005387
0.000229,-0.000141,0.005383
0.000226,-0.000140,0.005383
0.000226,-0.000141,0.005381
0.000227,-0.000142,0.005378
0.000228,-0.000142,0.005375
0.000227,-0.000144,0.005374
0.000227,-0.000143,0.005371
0.000228,-0.000145,0.005367
0.000228,-0.000144,0.005362
0.000228,-0.000142,0.005355
0.000229,-0.000141,0.005350
0.000228,-0.000142,0.005348
0.000230,-0.000143,0.005345
0.000230,-0.000142,0.005342
0.000229,-0.000143,0.005340
0.000227,-0.000144,0.005338
0.000230,-0.000144,0.005336
0.000229,-0.000144,0.005335
0.000230,-0.000145,0.005337
0.000232,-0.000146,0.005335
0.000232,-0.000146,0.005335
0.000232,-0.000147,0.005335
0.000234,-0.000148,0.005336
0.000232,-0.000147,0.005336
0.000232,-0.000146,0.005334
0.000232,-0.000146,0.005333
0.000233,-0.000145,0.005332
0.000235,-0.000147,0.005334
0.000235,-0.000147,0.005339
0.000235,-0.000146,0.005346
0.000232,-0.000146,0.005352
0.000232,-0.000145,0.005357
0.000234,-0.000142,0.005361
0.000234,-0.000141,0.005366
0.000234,-0.000142,0.005371
0.000236,-0.000142,0.005375
0.000234,-0.000144,0.005379
0.000235,-0.000142,0.005382
0.000236,-0.000140,0.005382
0.000235,-0.000141,0.005380
0.000233,-0.000141,0.005376
0.000235,-0.000141,0.005370
0.000235,-0.000141,0.005365
0.000234,-0.000142,0.005361
0.000235,-0.000140,0.005357
0.000235,-0.000140,0.005355
0.000234,-0.000139,0.005354
0.000234,-0.000140,0.005351
0.000232,-0.000138,0.005352
0.000233,-0.000139,0.005354
0.000230,-0.000140,0.005357
0.000230,-0.000140,0.005359
0.000230,-0.000141,0.005360
0.000231,-0.000142,0.005363
0.000231,-0.000142,0.005366
0.000231,-0.000142,0.005368
0.000231,-0.000142,0.005370
0.000231,-0.000143,0.005371
0.000231,-0.000143,0.005369
0.000231,-0.000144,0.005367
0.000230,-0.000144,0.005365
0.000231,-0.000143,0.005364
0.000232,-0.000143,0.005366
0.000232,-0.000145,0.005368
0.000232,-0.000143,0.005369
0.000232,-0.000142,0.005371
0.000232,-0.000141,0.005376
0.000232,-0.000142,0.005380
0.000233,-0.000143,0.005381
0.000231,-0.000144,0.005379
0.000231,-0.000143,0.005376
0.000232,-0.000143,0.005370
0.000231,-0.000143,0.005366
0.000231,-0.000142,0.005363
0.000231,-0.000143,0.005361
0.000234,-0.000142,0.005361
0.000233,-0.000142,0.005361
0.000233,-0.000143,0.005360
0.000234,-0.000144,0.005359
0.000232,-0.000142,0.005356
0.000231,-0.000141,0.005351
0.000231,-0.000142,0.005349
0.000231,-0.000139,0.005349
0.000230,-0.000139,0.005352
0.000229,-0.000141,0.005353
0.000231,-0.000141,0.005354
0.000229,-0.000143,0.005356
0.000230,-0.000143,0.005355
0.000231,-0.000143,0.005352
0.000232,-0.000141,0.005352
0.000233,-0.000140,0.005353
0.000233,-0.000141,0.005358
0.000234,-0.000139,0.005361
0.000234,-0.000139,0.005365
0.000236,-0.000141,0.005369
0.000237,-0.000141,0.005374
0.000236,-0.000143,0.005376
0.000235,-0.000142,0.005377
0.000235,-0.000142,0.005377
0.000234,-0.000143,0.005379
0.000234,-0.000145,0.005382
0.000234,-0.000146,0.005384
0.000234,-0.000145,0.005387
0.000234,-0.000145,0.005389
0.000234,-0.000145,0.005390
0.000235,-0.000146,0.005392
0.000235,-0.000148,0.005394
0.000234,-0.000148,0.005400
0.000236,-0.000149,0.005403
0.000233,-0.000150,0.005407
0.000233,-0.000147,0.005413
0.000234,-0.000144,0.005417
0.000234,-0.000144,0.005421
0.000235,-0.000146,0.005426
0.000234,-0.000147,0.005430
0.000236,-0.000145,0.005431
0.000235,-0.000146,0.005435
0.000236,-0.000145,0.005437
0.000236,-0.000146,0.005440
0.000237,-0.000146,0.005439
0.000239,-0.000145,0.005437
0.000240,-0.000143,0.005433
0.000241,-0.000142,0.005427
0.000241,-0.000144,0.005422
0.000240,-0.000145,0.005416
0.000240,-0.000145,0.005411
0.000238,-0.000144,0.005404
0.000239,-0.000146,0.005398
0.000238,-0.000145,0.005391
0.000236,-0.000143,0.005385
0.000235,-0.000144,0.005380
0.000232,-0.000144,0.005376
0.000230,-0.000143,0.005370
0.000229,-0.000143,0.005365
0.000229,-0.000145,0.005361
0.000229,-0.000145,0.005353
0.000228,-0.000146,0.005347
0.000228,-0.000146,0.005340
0.000229,-0.000146,0.005335
0.000228,-0.000146,0.005329
0.000230,-0.000145,0.005322
0.000230,-0.000145,0.005318
0.000228,-0.000145,0.005313
0.000229,-0.000144,0.005312
0.000227,-0.000145,0.005312
0.000226,-0.000145,0.005310
0.000226,-0.000145,0.005310
0.000228,-0.000146,0.005308
0.000225,-0.000145,0.005305
0.000225,-0.000144,0.005301
0.000226,-0.000144,0.005298
0.000225,-0.000145,0.005298
0.000224,-0.000143,0.005297
0.000224,-0.000142,0.005298
0.000224,-0.000140,0.005302
0.000225,-0.000141,0.005304
0.000225,-0.000142,0.005305
0.000227,-0.000140,0.005308
0.000227,-0.000142,0.005313
0.000229,-0.000144,0.005313
0.000230,-0.000144,0.005316
0.000230,-0.000144,0.005318
0.000232,-0.000145,0.005320
0.000230,-0.000145,0.005321
0.000231,-0.000145,0.005323
0.000230,-0.000145,0.005325
0.000229,-0.000142,0.005330
0.000229,-0.000140,0.005338
0.000229,-0.000140,0.005345
0.000231,-0.000140,0.005354
0.000231,-0.000140,0.005361
0.000231,-0.000140,0.005366
0.000232,-0.000141,0.005369
0.000233,-0.000141,0.005375
0.000233,-0.000143,0.005380
0.000234,-0.000143,0.005384
0.000234,-0.000143,0.005387
0.000234,-0.000143,0.005391
0.000235,-0.000144,0.005396
0.000234,-0.000143,0.005398
0.000234,-0.000144,0.005402
0.000234,-0.000144,0.005403
0.000235,-0.000144,0.005402
0.000234,-0.000145,0.005396
0.000235,-0.000147,0.005392
0.000233,-0.000147,0.005390
0.000234,-0.000145,0.005386
0.000233,-0.000144,0.005382
0.000232,-0.000144,0.005381
0.000234,-0.000145,0.005377
0.000232,-0.000145,0.005375
0.000232,-0.000146,0.005374
0.000229,-0.000147,0.005374
0.000229,-0.000146,0.005373
0.000228,-0.000147,0.005373
0.000227,-0.000148,0.005370
0.000229,-0.000144,0.005366
0.000230,-0.000143,0.005362
0.000230,-0.000142,0.005359
0.000228,-0.000141,0.005356
0.000229,-0.000141,0.005354
0.000231,-0.000141,0.005350
0.000230,-0.000140,0.005347
0.000227,-0.000140,0.005344
0.000228,-0.000141,0.005341
0.000228,-0.000143,0.005340
0.000227,-0.000143,0.005340
0.000227,-0.000145,0.005340
0.000226,-0.000143,0.005341
0.000227,-0.000143,0.005347
0.000227,-0.000143,0.005352
0.000227,-0.000145,0.005361
0.000228,-0.000144,0.005369
0.000228,-0.000145,0.005375
0.000229,-0.000145,0.005379
0.000229,-0.000145,0.005381
0.000229,-0.000144,0.005386
0.000227,-0.000143,0.005391
0.000227,-0.000144,0.005389
0.000229,-0.000144,0.005389
0.000230,-0.000145,0.005388
0.000229,-0.000145,0.005387
0.000229,-0.000145,0.005385
0.000228,-0.000146,0.005382
0.000227,-0.000144,0.005381
0.000225,-0.000145,0.005381
0.000224,-0.000146,0.005382
0.000225,-0.000147,0.005382
0.000228,-0.000146,0.005383
0.000228,-0.000146,0.005380
0.000229,-0.000147,0.005379
0.000230,-0.000146,0.005377
0.000229,-0.000146,0.005374
0.000227,-0.000147,0.005370
0.000228,-0.000148,0.005367
0.000226,-0.000146,0.005363
0.000226,-0.000146,0.005363
0.000227,-0.000146,0.005368
0.000227,-0.000146,0.005375
0.000228,-0.000144,0.005381
0.000228,-0.000144,0.005387
0.000229,-0.000145,0.005392
0.000226,-0.000146,0.005397
0.000225,-0.000146,0.005397
0.000225,-0.000146,0.005398
0.000227,-0.000148,0.005400
0.000226,-0.000148,0.005404
0.000226,-0.000148,0.005408
0.000227,-0.000150,0.005412
0.000226,-0.000151,0.005413
0.000225,-0.000152,0.005413
0.000227,-0.000151,0.005411
0.000226,-0.000151,0.005408
0.000228,-0.000152,0.005406
0.000226,-0.000151,0.005406
0.000226,-0.000151,0.005406
0.000226,-0.000150,0.005406
0.000227,-0.000150,0.005406
0.000226,-0.000150,0.005407
0.000226,-0.000149,0.005404
0.000226,-0.000149,0.005403
0.000226,-0.000148,0.005406
0.000225,-0.000148,0.005408
0.000225,-0.000150,0.005408
0.000227,-0.000151,0.005410
0.000225,-0.000150,0.005411
0.000225,-0.000148,0.005413
0.000226,-0.000149,0.005415
0.000225,-0.000151,0.005416
0.000227,-0.000152,0.005417
0.000228,-0.000152,0.005419
0.000230,-0.000150,0.005420
0.000231,-0.000151,0.005421
0.000230,-0.000151,0.005423
0.000229,-0.000150,0.005424
0.000229,-0.000149,0.005425
0.000232,-0.000148,0.005426
0.000233,-0.000145,0.005426
0.000233,-0.000145,0.005426
0.000232,-0.000145,0.005425
0.000231,-0.000145,0.005425
0.000231,-0.000146,0.005423
0.000230,-0.000149,0.005420
0.000228,-0.000147,0.005417
0.000228,-0.000147,0.005415
0.000227,-0.000145,0.005414
0.000228,-0.000144,0.005413
0.000228,-0.000144,0.005411
0.000227,-0.000144,0.005409
0.000224,-0.000143,0.005408
0.000225,-0.000142,0.005405
0.000226,-0.000143,0.005405
0.000226,-0.000143,0.005405
0.000226,-0.000142,0.005403
0.000229,-0.000141,0.005399
0.000226,-0.000141,0.005396
0.000227,-0.000141,0.005393
0.000228,-0.000142,0.005389
0.000227,-0.000142,0.005384
0.000226,-0.000144,0.005382
0.000227,-0.000144,0.005379
0.000228,-0.000143,0.005376
0.000228,-0.000143,0.005374
0.000228,-0.000143,0.005370
0.000230,-0.000144,0.005361
0.000228,-0.000143,0.005352
0.000231,-0.000143,0.005346
0.000230,-0.000143,0.005344
0.000233,-0.000143,0.005342
0.000234,-0.000142,0.005339
0.000232,-0.000144,0.005338
0.000232,-0.000145,0.005335
0.000233,-0.000147,0.005332
0.000233,-0.000145,0.005329
0.000232,-0.000146,0.005324
0.000228,-0.000144,0.005320
0.000228,-0.000143,0.005316
0.000228,-0.000143,0.005313
0.000228,-0.000142,0.005311
0.000230,-0.000145,0.005311
0.000230,-0.000144,0.005312
0.000230,-0.000144,0.005317
0.000229,-0.000144,0.005321
0.000229,-0.000145,0.005329
0.000231,-0.000146,0.005334
0.000230,-0.000147,0.005342
0.000231,-0.000146,0.005346
0.000232,-0.000144,0.005349
0.000230,-0.000145,0.005353
0.000231,-0.000145,0.005354
0.000231,-0.000144,0.005357
0.000232,-0.000147,0.005358
0.000231,-0.000146,0.005360
0.000230,-0.000145,0.005361
0.000232,-0.000146,0.005362
0.000231,-0.000146,0.005361
0.000229,-0.000147,0.005361
0.000231,-0.000146,0.005364
0.000231,-0.000146,0.005367
0.000232,-0.000146,0.005369
0.000232,-0.000146,0.005369
0.000230,-0.000147,0.005368
0.000232,-0.000148,0.005365
0.000230,-0.000148,0.005365
0.000230,-0.000148,0.005364
0.000229,-0.000148,0.005362
0.000228,-0.000146,0.005360
0.000228,-0.000144,0.005357
0.000228,-0.000142,0.005355
0.000228,-0.000142,0.005354
0.000226,-0.000144,0.005355
0.000229,-0.000145,0.005353
0.000230,-0.000144,0.005353
0.000232,-0.000143,0.005356
0.000232,-0.000143,0.005357
0.000232,-0.000145,0.005357
0.000233,-0.000144,0.005356
0.000233,-0.000144,0.005354
0.000232,-0.000146,0.005351
0.000232,-0.000145,0.005347
0.000233,-0.000145,0.005342
0.000233,-0.000144,0.005334
0.000232,-0.000144,0.005327
0.000232,-0.000143,0.005318
0.000230,-0.000145,0.005312
0.000228,-0.000147,0.005308
0.000228,-0.000146,0.005307
0.000228,-0.000143,0.005306
0.000229,-0.000142,0.005304
0.000228,-0.000141,0.005302
0.000226,-0.000140,0.005304
0.000226,-0.000140,0.005307
0.000227,-0.000141,0.005314
0.000226,-0.000141,0.005318
0.000227,-0.000142,0.005320
0.000224,-0.000143,0.005322
0.000226,-0.000143,0.005323
0.000226,-0.000143,0.005326
0.000226,-0.000144,0.005329
0.000227,-0.000141,0.005335
0.000227,-0.000141,0.005338
0.000227,-0.000141,0.005340
0.000226,-0.000141,0.005341
0.000227,-0.000141,0.005341
0.000227,-0.000141,0.005339
0.000227,-0.000140,0.005336
0.000228,-0.000141,0.005336
0.000226,-0.000142,0.005333
0.000228,-0.000142,0.005332
0.000226,-0.000143,0.005334
0.000229,-0.000142,0.005337
0.000228,-0.000143,0.005341
0.000230,-0.000143,0.005345
0.000229,-0.000143,0.005347
0.000229,-0.000142,0.005349
0.000230,-0.000144,0.005349
0.000230,-0.000144,0.005348
0.000231,-0.000143,0.005348
0.000230,-0.000144,0.005347
0.000229,-0.000146,0.005350
0.000227,-0.000145,0.005352
0.000227,-0.000145,0.005355
0.000227,-0.000146,0.005362
0.000230,-0.000145,0.005367
0.000231,-0.000144,0.005373
0.000230,-0.000145,0.005379
0.000228,-0.000145,0.005384
0.000226,-0.000146,0.005390
0.000226,-0.000145,0.005395
0.000226,-0.000145,0.005402
0.000227,-0.000145,0.005405
0.000226,-0.000145,0.005408
0.000227,-0.000144,0.005411
0.000228,-0.000144,0.005413
0.000228,-0.000143,0.005415
0.000231,-0.000141,0.005417
0.000233,-0.000138,0.005422
0.000233,-0.000138,0.005426
0.000233,-0.000140,0.005425
0.000235,-0.000140,0.005424
0.000237,-0.000141,0.005422
0.000233,-0.000141,0.005420
0.000233,-0.000141,0.005420
0.000232,-0.000143,0.005419
0.000232,-0.000142,0.005417
0.000231,-0.000142,0.005417
0.000231,-0.000142,0.005417
0.000229,-0.000142,0.005416
0.000227,-0.000143,0.005415
0.000224,-0.000144,0.005417
0.000225,-0.000144,0.005417
0.000224,-0.000144,0.005419
0.000224,-0.000144,0.005423
0.000227,-0.000146,0.005426
0.000225,-0.000145,0.005429
0.000225,-0.000143,0.005431
0.000226,-0.000144,0.005435
0.000227,-0.000142,0.005438
0.000227,-0.000142,0.005440
0.000224,-0.000142,0.005444
0.000224,-0.000143,0.005443
0.000226,-0.000145,0.005439
0.000224,-0.000145,0.005435
0.000223,-0.000143,0.005428
0.000224,-0.000143,0.005425
0.000222,-0.000144,0.005421
0.000223,-0.000143,0.005419
0.000223,-0.000144,0.005418
0.000224,-0.000144,0.005416
0.000227,-0.000146,0.005418
0.000227,-0.000146,0.005419
0.000226,-0.000144,0.005418
0.000227,-0.000144,0.005417
0.000228,-0.000145,0.005414
0.000228,-0.000147,0.005412
0.000228,-0.000148,0.005410
0.000230,-0.000148,0.005409
0.000229,-0.000147,0.005408
0.000230,-0.000147,0.005404
0.000230,-0.000146,0.005402
0.000231,-0.000145,0.005401
0.000230,-0.000145,0.005400
0.000230,-0.000145,0.005399
0.000231,-0.000146,0.005398
0.000232,-0.000146,0.005396
0.000233,-0.000143,0.005395
0.000232,-0.000141,0.005395
0.000232,-0.000140,0.005395
0.000230,-0.000142,0.005396
0.000228,-0.000142,0.005398
0.000229,-0.000143,0.005401
0.000228,-0.000143,0.005408
0.000230,-0.000144,0.005414
0.000231,-0.000143,0.005417
0.000233,-0.000144,0.005424
0.000232,-0.000144,0.005428
0.000232,-0.000145,0.005433
0.000230,-0.000145,0.005439
0.000230,-0.000144,0.005443
0.000231,-0.000144,0.005443
0.000233,-0.000143,0.005443
0.000234,-0.000141,0.005441
0.000236,-0.000139,0.005441
0.000236,-0.000139,0.005442
0.000237,-0.000139,0.005444
0.000238,-0.000138,0.005447
0.000238,-0.000139,0.005448
0.000236,-0.000140,0.005449
0.000235,-0.000142,0.005448
0.000235,-0.000142,0.005447
0.000234,-0.000143,0.005448
0.000233,-0.000143,0.005447
0.000235,-0.000141,0.005446
0.000235,-0.000141,0.005444
0.000233,-0.000140,0.005443
0.000233,-0.000139,0.005439
0.000233,-0.000138,0.005434
0.000235,-0.000140,0.005430
0.000234,-0.000141,0.005423
0.000233,-0.000143,0.005418
0.000232,-0.000145,0.005412
0.000234,-0.000146,0.005408
0.000232,-0.000144,0.005405
0.000232,-0.000144,0.005400
0.000231,-0.000145,0.005397
0.000230,-0.000144,0.005394
0.000230,-0.000144,0.005392
0.000230,-0.000144,0.005386
0.000229,-0.000145,0.005380
0.000228,-0.000144,0.005375
0.000226,-0.000146,0.005371
0.000228,-0.000143,0.005367
0.000227,-0.000143,0.005363
0.000224,-0.000145,0.005361
0.000226,-0.000144,0.005358
0.000225,-0.000145,0.005354
0.000226,-0.000145,0.005351
0.000227,-0.000144,0.005349
0.000225,-0.000145,0.005347
0.000226,-0.000146,0.005344
0.000225,-0.000146,0.005340
0.000225,-0.000146,0.005337
0.000225,-0.000146,0.005333
0.000226,-0.000146,0.005329
0.000226,-0.000143,0.005327
0.000227,-0.000142,0.005328
0.000227,-0.000143,0.005327
0.000229,-0.000141,0.005327
0.000230,-0.000143,0.005324
0.000230,-0.000142,0.005323
0.000229,-0.000144,0.005319
0.000228,-0.000144,0.005317
0.000227,-0.000145,0.005315
0.000226,-0.000144,0.005315
0.000226,-0.000144,0.005315
0.000226,-0.000145,0.005316
0.000225,-0.000143,0.005320
0.000226,-0.000141,0.005323
0.000228,-0.000142,0.005327
0.000226,-0.000144,0.005332
0.000226,-0.000145,0.005338
0.000225,-0.000146,0.005343
0.000225,-0.000146,0.005348
0.000226,-0.000144,0.005351
0.000226,-0.000143,0.005353
0.000225,-0.000143,0.005361
0.000227,-0.000146,0.005365
0.000226,-0.000146,0.005371
0.000226,-0.000145,0.005376
0.000228,-0.000147,0.005378
0.000228,-0.000147,0.005382
0.000228,-0.000150,0.005383
0.000227,-0.000149,0.005382
0.000227,-0.000150,0.005382
0.000228,-0.000149,0.005380
0.000231,-0.000148,0.005379
0.000234,-0.000147,0.005378
0.000233,-0.000148,0.005377
0.000233,-0.000149,0.005373
0.000231,-0.000147,0.005371
0.000230,-0.000145,0.005371
0.000231,-0.000146,0.005374
0.000230,-0.000146,0.005377
0.000230,-0.000146,0.005381
0.000230,-0.000147,0.005383
0.000233,-0.000149,0.005386
0.000232,-0.000148,0.005389
0.000234,-0.000149,0.005389
0.000236,-0.000148,0.005388
0.000236,-0.000147,0.005386
0.000236,-0.000148,0.005386
0.000236,-0.000151,0.005388
0.000236,-0.000150,0.005390
0.000236,-0.000150,0.005390
0.000237,-0.000151,0.005391
0.000239,-0.000150,0.005393
0.000240,-0.000151,0.005392
0.000240,-0.000153,0.005389
0.000240,-0.000152,0.005385
0.000241,-0.000151,0.005383
0.000242,-0.000149,0.005382
0.000242,-0.000149,0.005381
0.000243,-0.000150,0.005379
0.000242,-0.000149,0.005374
0.000241,-0.000149,0.005370
0.000243,-0.000148,0.005367
0.000241,-0.000148,0.005366
0.000241,-0.000149,0.005367
0.000240,-0.000151,0.005369
0.000237,-0.000148,0.005369
0.000233,-0.000148,0.005370
0.000233,-0.000148,0.005369
0.000231,-0.000148,0.005368
0.000229,-0.000150,0.005366
0.000228,-0.000153,0.005363
0.000228,-0.000153,0.005362
0.000229,-0.000153,0.005362
0.000229,-0.000156,0.005365
0.000231,-0.000366,0.005367
0.000229,-0.000577,0.005371
0.000230,-0.000156,0.005374
0.000230,-0.000155,0.005378
0.000231,-0.000156,0.005380
0.000230,-0.000154,0.005384
0.000231,-0.000154,0.005383
0.000230,-0.000156,0.005383
0.000230,-0.000154,0.005383
0.000230,-0.000151,0.005382
0.000231,-0.000149,0.005381
0.000230,-0.000148,0.005380
0.000230,-0.000148,0.005381
0.000230,-0.000148,0.005383
0.000230,-0.000147,0.005385
0.000231,-0.000149,0.005388
0.000231,-0.000149,0.005392
0.000231,-0.000149,0.005393
0.000228,-0.000149,0.005396
0.000226,-0.000150,0.005399
0.000227,-0.000151,0.005403
0.000227,-0.000151,0.005406
0.000227,-0.000152,0.005408
0.000225,-0.000153,0.005408
0.000223,-0.000153,0.005410
0.000223,-0.000152,0.005409
0.000224,-0.000154,0.005409
0.000225,-0.000153,0.005408
0.000227,-0.000152,0.005406
0.000228,-0.000151,0.005402
0.000228,-0.000152,0.005402
0.000230,-0.000150,0.005400
0.000231,-0.000147,0.005399
0.000231,-0.000147,0.005397
0.000231,-0.000149,0.005398
0.000232,-0.000149,0.005398
0.000232,-0.000150,0.005401
0.000231,-0.000150,0.005403
0.000231,-0.000150,0.005405
0.000229,-0.000148,0.005410
0.000228,-0.000147,0.005415
0.000229,-0.000148,0.005415
0.000231,-0.000147,0.005414
0.000231,-0.000147,0.005410
0.000231,-0.000147,0.005410
0.000231,-0.000147,0.005409
0.000231,-0.000147,0.005405
0.000230,-0.000147,0.005404
0.000231,-0.000147,0.005403
0.000231,-0.000147,0.005405
0.000230,-0.000148,0.005406
0.000231,-0.000150,0.005405
0.000233,-0.000148,0.005404
0.000233,-0.000148,0.005403
0.000236,-0.000148,0.005401
0.000232,-0.000147,0.005396
0.000232,-0.000146,0.005392
0.000231,-0.000145,0.005389
0.000229,-0.000145,0.005387
0.000232,-0.000145,0.005388
0.000230,-0.000145,0.005392
0.000231,-0.000147,0.005395
0.000231,-0.000147,0.005399
0.000231,-0.000148,0.005401
0.000233,-0.000149,0.005403
0.000232,-0.000148,0.005405
0.000233,-0.000149,0.005407
0.000234,-0.000148,0.005411
0.000235,-0.000148,0.005414
0.000238,-0.000147,0.005418
0.000239,-0.000145,0.005419
0.000239,-0.000146,0.005420
0.000238,-0.000145,0.005418
0.000237,-0.000145,0.005419
0.000238,-0.000147,0.005421
0.000235,-0.000146,0.005420
0.000235,-0.000147,0.005419
0.000237,-0.000146,0.005418
0.000236,-0.000145,0.005417
0.000236,-0.000145,0.005416
0.000234,-0.000145,0.005415
0.000236,-0.000145,0.005412
0.000235,-0.000144,0.005412
0.000235,-0.000143,0.005411
0.000234,-0.000143,0.005411
0.000233,-0.000144,0.005409
0.000234,-0.000143,0.005410
0.000234,-0.000143,0.005415
0.000234,-0.000144,0.005419
0.000231,-0.000144,0.005427
0.000233,-0.000145,0.005435
0.000231,-0.000146,0.005440
0.000233,-0.000144,0.005449
0.000233,-0.000144,0.005456
0.000233,-0.000146,0.005461
0.000235,-0.000147,0.005466
0.000233,-0.000147,0.005471
0.000233,-0.000150,0.005474
0.000234,-0.000148,0.005477
0.000234,-0.000148,0.005477
0.000233,-0.000148,0.005477
0.000233,-0.000147,0.005473
0.000232,-0.000148,0.005470
0.000234,-0.000146,0.005467
0.000233,-0.000146,0.005462
0.000234,-0.000148,0.005460
0.000235,-0.000147,0.005458
0.000233,-0.000147,0.005455
0.000232,-0.000147,0.005454
0.000231,-0.000148,0.005452
0.000228,-0.000147,0.005451
0.000228,-0.000148,0.005450
0.000226,-0.000147,0.005449
0.000226,-0.000148,0.005448
0.000227,-0.000150,0.005445
0.000229,-0.000149,0.005442
0.000229,-0.000148,0.005441
0.000228,-0.000149,0.005437
0.000227,-0.000150,0.005435
0.000227,-0.000150,0.005434
0.000227,-0.000150,0.005434
0.000230,-0.000150,0.005434
0.000231,-0.000150,0.005437
0.000232,-0.000151,0.005436
0.000232,-0.000150,0.005433
0.000232,-0.000150,0.005429
0.000230,-0.000150,0.005424
0.000231,-0.000150,0.005419
0.000230,-0.000147,0.005415
0.000230,-0.000147,0.005411
0.000230,-0.000146,0.005403
0.000230,-0.000148,0.005394
0.000230,-0.000148,0.005387
0.000231,-0.000146,0.005379
0.000232,-0.000146,0.005371
0.000231,-0.000147,0.005365
0.000233,-0.000145,0.005360
0.000233,-0.000146,0.005357
0.000231,-0.000145,0.005353
0.000230,-0.000144,0.005351
0.000230,-0.000143,0.005349
0.000229,-0.000144,0.005349
0.000229,-0.000146,0.005352
0.000229,-0.000145,0.005354
0.000229,-0.000145,0.005355
0.000230,-0.000145,0.005356
0.000230,-0.000146,0.005359
0.000233,-0.000146,0.005363
0.000232,-0.000145,0.005367
0.000233,-0.000144,0.005366
0.000231,-0.000144,0.005365
0.000230,-0.000143,0.005359
0.000230,-0.000143,0.005352
0.000229,-0.000142,0.005345
0.000229,-0.000141,0.005342
0.000232,-0.000140,0.005341
0.000232,-0.000140,0.005338
0.000232,-0.000141,0.005334
0.000233,-0.000140,0.005334
0.000233,-0.000140,0.005334
0.000234,-0.000140,0.005333
0.000233,-0.000139,0.005332
0.000233,-0.000139,0.005333
0.000233,-0.000139,0.005335
0.000234,-0.000139,0.005337
0.000235,-0.000140,0.005338
0.000235,-0.000140,0.005339
0.000234,-0.000140,0.005339
0.000233,-0.000140,0.005339
0.000231,-0.000141,0.005342
0.000229,-0.000141,0.005345
0.000230,-0.000141,0.005346
0.000231,-0.000140,0.005350
0.000230,-0.000140,0.005351
0.000231,-0.000140,0.005350
0.000230,-0.000140,0.005350
0.000227,-0.000140,0.005350
0.000227,-0.000140,0.005351
0.000226,-0.000140,0.005354
0.000226,-0.000140,0.005358
0.000226,-0.000140,0.005361
0.000227,-0.000140,0.005363
0.000225,-0.000140,0.005363
0.000227,-0.000141,0.005360
0.000227,-0.000141,0.005355
0.000226,-0.000141,0.005351
0.000228,-0.000141,0.005347
0.000228,-0.000141,0.005349
0.000229,-0.000141,0.005351
0.000229,-0.000142,0.005353
0.000231,-0.000143,0.005353
0.000230,-0.000143,0.005353
0.000231,-0.000142,0.005351
0.000231,-0.000143,0.005349
0.000231,-0.000144,0.005350
0.000231,-0.000142,0.005350
0.000230,-0.000142,0.005348
0.000229,-0.000142,0.005347
0.000228,-0.000143,0.005345
0.000228,-0.000141,0.005343
0.000228,-0.000139,0.005341
0.000228,-0.000139,0.005342
0.000229,-0.000140,0.005343
0.000229,-0.000140,0.005343
0.000229,-0.000140,0.005345
0.000230,-0.000141,0.005347
0.000228,-0.000143,0.005351
0.000229,-0.000143,0.005355
0.000228,-0.000144,0.005360
0.000228,-0.000143,0.005364
0.000229,-0.000142,0.005366
0.000229,-0.000141,0.005370
0.000231,-0.000142,0.005374
0.000232,-0.000141,0.005379
0.000231,-0.000142,0.005385
0.000232,-0.000141,0.005391
0.000234,-0.000141,0.005393
0.000236,-0.000140,0.005395
0.000236,-0.000140,0.005394
0.000235,-0.000140,0.005396
0.000235,-0.000140,0.005395
0.000235,-0.000140,0.005393
0.000231,-0.000141,0.005393
0.000230,-0.000141,0.005392
0.000227,-0.000140,0.005390
0.000224,-0.000139,0.005386
0.000223,-0.000139,0.005381
0.000222,-0.000139,0.005379
0.000222,-0.000141,0.005379
0.000219,-0.000141,0.005382
0.000220,-0.000143,0.005383
0.000217,-0.000144,0.005385
0.000218,-0.000145,0.005385
0.000221,-0.000147,0.005385
0.000221,-0.000147,0.005385
0.000221,-0.000147,0.005385
0.000222,-0.000147,0.005381
0.000223,-0.000148,0.005378
0.000222,-0.000149,0.005375
0.000222,-0.000149,0.005372
0.000222,-0.000150,0.005372
0.000224,-0.000149,0.005371
0.000226,-0.000147,0.005371
0.000227,-0.000146,0.005372
0.000229,-0.000144,0.005376
0.000229,-0.000146,0.005381
0.000228,-0.000147,0.005385
0.000228,-0.000147,0.005390
0.000228,-0.000148,0.005392
0.000229,-0.000147,0.005396
0.000229,-0.000148,0.005399
0.000229,-0.000148,0.005404
0.000230,-0.000148,0.005410
0.000232,-0.000149,0.005412
0.000231,-0.000150,0.005411
0.000231,-0.000149,0.005412
0.000232,-0.000150,0.005418
0.000234,-0.000149,0.005421
0.000234,-0.000148,0.005423
0.000235,-0.000149,0.005425
0.000234,-0.000150,0.005426
0.000236,-0.000148,0.005424
0.000239,-0.000145,0.005424
0.000240,-0.000143,0.005425
0.000240,-0.000143,0.005424
0.000239,-0.000145,0.005424
0.000240,-0.000147,0.005423
0.000241,-0.000146,0.005420
0.000241,-0.000145,0.005416
0.000242,-0.000145,0.005410
0.000244,-0.000147,0.005406
0.000243,-0.000145,0.005401
0.000242,-0.000144,0.005398
0.000241,-0.000145,0.005399
0.000243,-0.000145,0.005399
0.000240,-0.000144,0.005398
0.000240,-0.000143,0.005401
0.000239,-0.000145,0.005404
0.000240,-0.000145,0.005407
0.000240,-0.000148,0.005410
0.000238,-0.000148,0.005413
0.000240,-0.000149,0.005414
0.000242,-0.000148,0.005417
0.000240,-0.000150,0.005419
0.000239,-0.000151,0.005420
0.000240,-0.000152,0.005419
0.000238,-0.000151,0.005418
0.000238,-0.000150,0.005415
0.000239,-0.000149,0.005410
0.000238,-0.000149,0.005409
0.000239,-0.000149,0.005408
0.000238,-0.000149,0.005405
0.000237,-0.000148,0.005402
0.000237,-0.000149,0.005398
0.000236,-0.000148,0.005393
0.000237,-0.000147,0.005388
0.000235,-0.000148,0.005384
0.000236,-0.000149,0.005383
0.000234,-0.000149,0.005384
0.000234,-0.000149,0.005384
0.000236,-0.000148,0.005384
0.000235,-0.000148,0.005384
0.000235,-0.000147,0.005385
0.000235,-0.000147,0.005387
0.000236,-0.000148,0.005388
0.000236,-0.000147,0.005391
0.000234,-0.000147,0.005394
0.000234,-0.000147,0.005396
0.000236,-0.000145,0.005398
0.000237,-0.000145,0.005400
0.000239,-0.000144,0.005402
0.000239,-0.000145,0.005402
0.000238,-0.000145,0.005396
0.000237,-0.000146,0.005391
0.000236,-0.000144,0.005388
0.000236,-0.000145,0.005384
0.000237,-0.000144,0.005379
0.000236,-0.000143,0.005373
0.000236,-0.000144,0.005367
0.000237,-0.000143,0.005364
0.000237,-0.000142,0.005366
0.000236,-0.000145,0.005365
0.000233,-0.000144,0.005366
0.000232,-0.000145,0.005366
0.000232,-0.000145,0.005366
0.000231,-0.000145,0.005366
0.000230,-0.000144,0.005365
0.000229,-0.000145,0.005366
0.000228,-0.000146,0.005365
0.000225,-0.000146,0.005364
0.000227,-0.000144,0.005366
0.000228,-0.000143,0.005367
0.000229,-0.000145,0.005368
0.000228,-0.000144,0.005368
0.000227,-0.000142,0.005367
0.000227,-0.000142,0.005365
0.000226,-0.000144,0.005364
0.000228,-0.000143,0.005364
0.000228,-0.000143,0.005361
0.000227,-0.000143,0.005359
0.000225,-0.000144,0.005359
0.000223,-0.000143,0.005357
0.000225,-0.000144,0.005356
0.000226,-0.000144,0.005356
0.000226,-0.000145,0.005359
0.000226,-0.000146,0.005360
0.000228,-0.000146,0.005359
0.000226,-0.000147,0.005359
0.000227,-0.000149,0.005357
0.000226,-0.000147,0.005356
0.000226,-0.000147,0.005354
0.000227,-0.000144,0.005356
0.000227,-0.000144,0.005357
0.000227,-0.000144,0.005360
0.000227,-0.000146,0.005365
0.000226,-0.000147,0.005366
0.000228,-0.000148,0.005370
0.000229,-0.000148,0.005372
0.000228,-0.000149,0.005372
0.000227,-0.000148,0.005371
0.000226,-0.000148,0.005366
0.000226,-0.000150,0.005362
0.000228,-0.000150,0.005359
0.000230,-0.000151,0.005358
0.000229,-0.000149,0.005358
0.000228,-0.000148,0.005357
0.000228,-0.000147,0.005356
0.000229,-0.000148,0.005355
0.000228,-0.000148,0.005357
0.000229,-0.000145,0.005358
0.000230,-0.000145,0.005361
0.000228,-0.000146,0.005364
0.000226,-0.000146,0.005365
0.000226,-0.000146,0.005364
0.000228,-0.000146,0.005366
0.000231,-0.000145,0.005368
0.000231,-0.000147,0.005373
0.000232,-0.000147,0.005377
0.000231,-0.000149,0.005380
0.000229,-0.000148,0.005384
0.000228,-0.000148,0.005389
0.000229,-0.000146,0.005393
0.000229,-0.000146,0.005396
0.000232,-0.000147,0.005399
0.000234,-0.000147,0.005404
0.000234,-0.000149,0.005407
0.000237,-0.000148,0.005408
0.000238,-0.000147,0.005409
0.000239,-0.000145,0.005411
0.000239,-0.000145,0.005413
0.000238,-0.000146,0.005416
0.000239,-0.000145,0.005421
0.000239,-0.000145,0.005425
0.000239,-0.000146,0.005430
0.000240,-0.000146,0.005433
0.000239,-0.000148,0.005436
0.000240,-0.000147,0.005435
0.000238,-0.000146,0.005434
0.000237,-0.000147,0.005431
0.000236,-0.000146,0.005431
0.000236,-0.000145,0.005432
0.000235,-0.000146,0.005434
0.000235,-0.000146,0.005433
0.000232,-0.000145,0.005429
0.000233,-0.000147,0.005424
0.000231,-0.000146,0.005418
0.000231,-0.000144,0.005414
0.000230,-0.000145,0.005412
0.000232,-0.000144,0.005410
0.000233,-0.000142,0.005404
0.000232,-0.000143,0.005397
0.000231,-0.000140,0.005393
0.000231,-0.000140,0.005391
0.000234,-0.000138,0.005388
0.000236,-0.000137,0.005385
0.000238,-0.000137,0.005383
0.000237,-0.000136,0.005383
0.000238,-0.000138,0.005383
0.000236,-0.000139,0.005379
0.000236,-0.000140,0.005380
0.000238,-0.000141,0.005381
0.000236,-0.000141,0.005382
0.000236,-0.000142,0.005382
0.000234,-0.000142,0.005383
0.000234,-0.000143,0.005383
0.000233,-0.000142,0.005385
0.000233,-0.000142,0.005386
0.000232,-0.000143,0.005386
0.000232,-0.000140,0.005387
0.000231,-0.000140,0.005386
0.000231,-0.000140,0.005384
0.000231,-0.000141,0.005385
0.000230,-0.000143,0.005388
0.000231,-0.000143,0.005389
0.000233,-0.000143,0.005392
0.000234,-0.000143,0.005397
0.000234,-0.000144,0.005401
0.000234,-0.000146,0.005407
0.000234,-0.000144,0.005412
0.000235,-0.000145,0.005419
0.000236,-0.000144,0.005424
0.000237,-0.000143,0.005427
0.000238,-0.000143,0.005430
0.000239,-0.000144,0.005432
0.000240,-0.000144,0.005431
0.000239,-0.000144,0.005428
0.000240,-0.000143,0.005421
0.000240,-0.000142,0.005416
0.000240,-0.000141,0.005414
0.000240,-0.000141,0.005409
0.000240,-0.000141,0.005406
0.000242,-0.000140,0.005403
0.000241,-0.000142,0.005400
0.000243,-0.000140,0.005398
0.000243,-0.000140,0.005398
0.000242,-0.000140,0.005396
0.000243,-0.000141,0.005396
0.000245,-0.000141,0.005395
0.000243,-0.000141,0.005397
0.000243,-0.000140,0.005400
0.000243,-0.000139,0.005400
0.000241,-0.000139,0.005403
0.000240,-0.000139,0.005402
0.000242,-0.000140,0.005403
0.000240,-0.000141,0.005401
0.000240,-0.000143,0.005398
0.000238,-0.000141,0.005395
0.000236,-0.000140,0.005393
0.000235,-0.000140,0.005390
0.000235,-0.000142,0.005385
0.000233,-0.000142,0.005379
0.000232,-0.000144,0.005373
0.000230,-0.000145,0.005369
0.000227,-0.000145,0.005367
0.000228,-0.000147,0.005365
0.000227,-0.000146,0.005365
0.000227,-0.000145,0.005365
0.000227,-0.000144,0.005364
0.000227,-0.000144,0.005365
0.000228,-0.000144,0.005365
0.000226,-0.000144,0.005365
0.000225,-0.000146,0.005362
0.000225,-0.000147,0.005359
0.000226,-0.000145,0.005353
0.000229,-0.000144,0.005348
0.000230,-0.000142,0.005346
0.000231,-0.000141,0.005345
0.000231,-0.000142,0.005345
0.000231,-0.000143,0.005345
0.000233,-0.000143,0.005344
0.000232,-0.000143,0.005345
0.000231,-0.000143,0.005346
0.000229,-0.000143,0.005348
0.000230,-0.000144,0.005348
0.000230,-0.000144,0.005346
0.000229,-0.000144,0.005344
0.000231,-0.000144,0.005346
0.000231,-0.000144,0.005347
0.000233,-0.000146,0.005348
0.000234,-0.000144,0.005349
0.000234,-0.000145,0.005349
0.000236,-0.000144,0.005346
0.000235,-0.000144,0.005346
0.000235,-0.000144,0.005348
0.000236,-0.000143,0.005346
0.000233,-0.000144,0.005342
0.000233,-0.000143,0.005339
0.000233,-0.000143,0.005341
0.000234,-0.000142,0.005344
0.000232,-0.000142,0.005346
0.000232,-0.000145,0.005348
0.000233,-0.000145,0.005347
0.000232,-0.000146,0.005347
0.000232,-0.000143,0.005347
0.000234,-0.000141,0.005346
0.000234,-0.000139,0.005345
0.000235,-0.000139,0.005345
0.000235,-0.000140,0.005348
0.000237,-0.000141,0.005351
0.000235,-0.000142,0.005354
0.000235,-0.000142,0.005353
0.000235,-0.000143,0.005354
0.000235,-0.000143,0.005358
0.000236,-0.000143,0.005363
0.000236,-0.000142,0.005368
0.000235,-0.000144,0.005373
0.000234,-0.000144,0.005377
0.000235,-0.000145,0.005379
0.000235,-0.000147,0.005376
0.000236,-0.000146,0.005376
0.000236,-0.000145,0.005376
0.000235,-0.000145,0.005375
0.000234,-0.000145,0.005375
0.000232,-0.000148,0.005376
0.000232,-0.000147,0.005377
0.000231,-0.000147,0.005377
0.000228,-0.000147,0.005378
0.000228,-0.000147,0.005378
0.000228,-0.000147,0.005382
0.000227,-0.000150,0.005386
0.000228,-0.000148,0.005393
0.000229,-0.000147,0.005400
0.000227,-0.000149,0.005404
0.000229,-0.000147,0.005405
0.000230,-0.000147,0.005408
0.000230,-0.000146,0.005410
0.000232,-0.000144,0.005414
0.000233,-0.000146,0.005416
0.000233,-0.000147,0.005418
0.000231,-0.000147,0.005419
0.000231,-0.000146,0.005418
0.000230,-0.000147,0.005418
0.000230,-0.000147,0.005419
0.000228,-0.000147,0.005419
0.000229,-0.000148,0.005420
0.000226,-0.000148,0.005421
0.000228,-0.000149,0.005420
0.000228,-0.000148,0.005419
0.000229,-0.000148,0.005419
0.000228,-0.000148,0.005417
0.000229,-0.000148,0.005416
0.000228,-0.000147,0.005416
0.000227,-0.000146,0.005413
0.000226,-0.000147,0.005409
0.000228,-0.000147,0.005408
0.000229,-0.000149,0.005406
0.000226,-0.000147,0.005405
0.000225,-0.000146,0.005406
0.000225,-0.000147,0.005405
0.000226,-0.000147,0.005403
0.000225,-0.000148,0.005403
0.000225,-0.000149,0.005406
0.000227,-0.000147,0.005411
0.000229,-0.000146,0.005415
0.000229,-0.000145,0.005418
0.000228,-0.000146,0.005418
0.000231,-0.000147,0.005418
0.000233,-0.000147,0.005419
0.000233,-0.000147,0.005421
0.000233,-0.000148,0.005423
0.000235,-0.000147,0.005424
0.000236,-0.000147,0.005428
0.000235,-0.000148,0.005427
0.000237,-0.000149,0.005429
0.000236,-0.000149,0.005431
0.000237,-0.000149,0.005431
0.000235,-0.000151,0.005431
0.000235,-0.000150,0.005428
0.000234,-0.000152,0.005429
0.000234,-0.000151,0.005429
0.000233,-0.000148,0.005427
0.000232,-0.000148,0.005425
0.000233,-0.000146,0.005421
0.000233,-0.000145,0.005418
0.000233,-0.000145,0.005415
0.000232,-0.000146,0.005413
0.000234,-0.000146,0.005414
0.000230,-0.000146,0.005415
0.000231,-0.000146,0.005415
0.000230,-0.000144,0.005417
0.000230,-0.000144,0.005419
0.000230,-0.000144,0.005421
0.000228,-0.000145,0.005424
0.000230,-0.000144,0.005427
0.000230,-0.000144,0.005426
0.000230,-0.000146,0.005424
0.000227,-0.000147,0.005421
0.000229,-0.000147,0.005417
0.000228,-0.000148,0.005411
0.000229,-0.000147,0.005407
0.000230,-0.000147,0.005408
0.000230,-0.000147,0.005410
0.000232,-0.000148,0.005410
0.000233,-0.000148,0.005408
0.000233,-0.000147,0.005408
0.000232,-0.000150,0.005407
0.000233,-0.000150,0.005405
0.000232,-0.000150,0.005402
0.000232,-0.000149,0.005401
0.000233,-0.000150,0.005397
0.000232,-0.000150,0.005395
0.000231,-0.000151,0.005391
0.000232,-0.000149,0.005389
0.000231,-0.000149,0.005388
0.000231,-0.000149,0.005386
0.000229,-0.000149,0.005384
0.000229,-0.000149,0.005383
0.000229,-0.000149,0.005380
0.000231,-0.000150,0.005380
0.000231,-0.000150,0.005381
0.000232,-0.000150,0.005384
0.000234,-0.000150,0.005385
0.000232,-0.000151,0.005385
0.000233,-0.000150,0.005384
0.000233,-0.000150,0.005384
0.000233,-0.000149,0.005386
0.000234,-0.000150,0.005387
0.000232,-0.000152,0.005391
0.000231,-0.000149,0.005394
0.000232,-0.000147,0.005397
0.000233,-0.000149,0.005397
0.000233,-0.000149,0.005400
0.000233,-0.000149,0.005403
0.000235,-0.000148,0.005402
0.000234,-0.000148,0.005403
0.000233,-0.000149,0.005401
0.000233,-0.000149,0.005400
0.000233,-0.000149,0.005396
0.000233,-0.000149,0.005394
0.000233,-0.000147,0.005391
0.000233,-0.000146,0.005391
0.000233,-0.000146,0.005393
0.000235,-0.000147,0.005398
0.000235,-0.000146,0.005402
0.000234,-0.000146,0.005405
0.000236,-0.000146,0.005404
0.000237,-0.000145,0.005403
0.000238,-0.000146,0.005399
0.000238,-0.000146,0.005395
0.000237,-0.000145,0.005396
0.000239,-0.000143,0.005395
0.000239,-0.000142,0.005393
0.000237,-0.000143,0.005391
0.000236,-0.000143,0.005392
0.000235,-0.000142,0.005393
0.000233,-0.000143,0.005393
0.000232,-0.000146,0.005394
0.000234,-0.000144,0.005395
0.000233,-0.000145,0.005397
0.000232,-0.000145,0.005400
0.000232,-0.000145,0.005403
0.000231,-0.000146,0.005404
0.000232,-0.000148,0.005405
0.000231,-0.000144,0.005406
0.000231,-0.000144,0.005407
0.000230,-0.000142,0.005409
0.000230,-0.000143,0.005410
0.000228,-0.000145,0.005415
0.000229,-0.000145,0.005424
0.000229,-0.000146,0.005429
0.000230,-0.000145,0.005433
0.000231,-0.000145,0.005439
0.000231,-0.000146,0.005446
0.000233,-0.000146,0.005454
0.000233,-0.000148,0.005458
0.000232,-0.000148,0.005463
0.000233,-0.000147,0.005468
0.000234,-0.000147,0.005472
0.000233,-0.000149,0.005472
0.000235,-0.000150,0.005469
0.000234,-0.000146,0.005465
0.000234,-0.000146,0.005459
0.000234,-0.000146,0.005451
0.000232,-0.000149,0.005444
0.000234,-0.000147,0.005438
0.000235,-0.000148,0.005435
0.000232,-0.000148,0.005431
0.000234,-0.000147,0.005425
0.000233,-0.000146,0.005423
0.000230,-0.000145,0.005421
0.000230,-0.000144,0.005417
0.000231,-0.000144,0.005415
0.000231,-0.000145,0.005418
0.000230,-0.000145,0.005420
0.000232,-0.000146,0.005423
0.000232,-0.000146,0.005427
0.000232,-0.000146,0.005429
0.000232,-0.000146,0.005429
0.000232,-0.000145,0.005429
0.000231,-0.000143,0.005428
0.000230,-0.000142,0.005428
0.000230,-0.000143,0.005423
0.000230,-0.000143,0.005418
0.000231,-0.000144,0.005413
0.000232,-0.000143,0.005411
0.000231,-0.000144,0.005411
0.000230,-0.000144,0.005409
0.000229,-0.000144,0.005409
0.000229,-0.000145,0.005408
0.000228,-0.000145,0.005403
0.000227,-0.000145,0.005397
0.000228,-0.000145,0.005392
0.000227,-0.000147,0.005385
0.000226,-0.000146,0.005379
0.000227,-0.000147,0.005374
0.000225,-0.000147,0.005371
0.000225,-0.000145,0.005369
0.000225,-0.000145,0.005368
0.000224,-0.000146,0.005368
0.000224,-0.000147,0.005367
0.000224,-0.000148,0.005365
0.000228,-0.000147,0.005365
0.000230,-0.000145,0.005366
0.000231,-0.000145,0.005366
0.000231,-0.000145,0.005366
0.000230,-0.000146,0.005366
0.000228,-0.000147,0.005364
0.000230,-0.000149,0.005362
0.000234,-0.000148,0.005359
0.000232,-0.000146,0.005357
0.000232,-0.000146,0.005353
0.000232,-0.000145,0.005348
0.000233,-0.000146,0.005345
0.000232,-0.000146,0.005343
0.000232,-0.000145,0.005342
0.000232,-0.000145,0.005342
0.000231,-0.000145,0.005343
0.000233,-0.000145,0.005343
0.000231,-0.000145,0.005339
0.000230,-0.000145,0.005335
0.000229,-0.000146,0.005331
0.000232,-0.000145,0.005327
0.000232,-0.000144,0.005324
0.000233,-0.000143,0.005323
0.000235,-0.000144,0.005323
0.000233,-0.000145,0.005324
0.000233,-0.000144,0.005325
0.000236,-0.000146,0.005329
0.000235,-0.000146,0.005335
0.000235,-0.000148,0.005344
0.000234,-0.000147,0.005348
0.000233,-0.000148,0.005352
0.000233,-0.000149,0.005357
0.000233,-0.000150,0.005359
0.000233,-0.000150,0.005359
0.000234,-0.000150,0.005359
0.000235,-0.000149,0.005363
0.000234,-0.000150,0.005366
0.000234,-0.000149,0.005370
0.000234,-0.000148,0.005373
0.000234,-0.000149,0.005377
0.000232,-0.000151,0.005379
0.000231,-0.000150,0.005382
0.000231,-0.000150,0.005388
0.000233,-0.000150,0.005394
0.000231,-0.000151,0.005400
0.000232,-0.000151,0.005403
0.000232,-0.000151,0.005406
0.000233,-0.000150,0.005407
0.000233,-0.000150,0.005406
0.000233,-0.000151,0.005408
0.000234,-0.000150,0.005409
0.000235,-0.000151,0.005406
0.000233,-0.000151,0.005403
0.000234,-0.000149,0.005402
0.000234,-0.000148,0.005402
0.000235,-0.000148,0.005402
0.000235,-0.000147,0.005406
0.000235,-0.000148,0.005407
0.000234,-0.000149,0.005408
0.000235,-0.000148,0.005409
0.000236,-0.000149,0.005407
0.000235,-0.000148,0.005403
0.000234,-0.000147,0.005398
0.000235,-0.000149,0.005395
0.000234,-0.000148,0.005393
0.000234,-0.000148,0.005390
0.000233,-0.000149,0.005387
0.000232,-0.000149,0.005384
0.000233,-0.000148,0.005383
0.000233,-0.000147,0.005382
0.000231,-0.000147,0.005379
0.000230,-0.000145,0.005380
0.000229,-0.000146,0.005378
0.000230,-0.000144,0.005377
0.000230,-0.000143,0.005374
0.000229,-0.000143,0.005373
0.000229,-0.000142,0.005368
0.000230,-0.000144,0.005366
0.000229,-0.000143,0.005363
0.000230,-0.000143,0.005359
0.000231,-0.000143,0.005356
0.000233,-0.000143,0.005355
0.000235,-0.000140,0.005354
0.000235,-0.000140,0.005355
0.000235,-0.000137,0.005356
0.000233,-0.000139,0.005355
0.000233,-0.000139,0.005355
0.000233,-0.000139,0.005354
0.000233,-0.000137,0.005354
0.000232,-0.000138,0.005353
0.000232,-0.000138,0.005352
0.000232,-0.000138,0.005350
0.000229,-0.000139,0.005351
0.000230,-0.000139,0.005353
0.000230,-0.000141,0.005353
0.000228,-0.000139,0.005352
0.000228,-0.000140,0.005349
0.000228,-0.000141,0.005345
0.000228,-0.000141,0.005342
0.000228,-0.000141,0.005338
0.000229,-0.000143,0.005338
0.000228,-0.000141,0.005339
0.000228,-0.000141,0.005339
0.000228,-0.000142,0.005340
0.000229,-0.000143,0.005344
0.000232,-0.000144,0.005347
0.000234,-0.000143,0.005352
0.000233,-0.000143,0.005357
0.000234,-0.000143,0.005363
0.000234,-0.000141,0.005368
0.000233,-0.000142,0.005368
0.000233,-0.000143,0.005368
0.000233,-0.000142,0.005369
0.000233,-0.000142,0.005370
0.000233,-0.000141,0.005366
0.000234,-0.000140,0.005364
0.000235,-0.000138,0.005363
0.000235,-0.000139,0.005363
0.000233,-0.000139,0.005362
0.000236,-0.000139,0.005361
0.000237,-0.000138,0.005359
0.000237,-0.000137,0.005357
0.000234,-0.000135,0.005356
0.000234,-0.000135,0.005355
0.000234,-0.000137,0.005354
0.000235,-0.000138,0.005352
0.000234,-0.000139,0.005353
0.000233,-0.000139,0.005358
0.000235,-0.000141,0.005359
0.000232,-0.000140,0.005361
0.000232,-0.000142,0.005363
0.000231,-0.000142,0.005364
0.000231,-0.000143,0.005364
0.000232,-0.000145,0.005363
0.000232,-0.000143,0.005364
0.000232,-0.000142,0.005363
0.000233,-0.000143,0.005363
0.000233,-0.000142,0.005364
0.000234,-0.000141,0.005365
0.000234,-0.000142,0.005366
0.000233,-0.000140,0.005367
0.000233,-0.000141,0.005370
0.000233,-0.000142,0.005373
0.000235,-0.000141,0.005375
0.000235,-0.000142,0.005378
0.000236,-0.000143,0.005383
0.000237,-0.000144,0.005388
0.000236,-0.000145,0.005393
0.000234,-0.000146,0.005395
0.000235,-0.000148,0.005397
0.000233,-0.000149,0.005396
0.000231,-0.000149,0.005393
0.000231,-0.000148,0.005390
0.000231,-0.000146,0.005386
0.000231,-0.000144,0.005381
0.000231,-0.000144,0.005376
0.000228,-0.000144,0.005371
0.000228,-0.000144,0.005368
0.000228,-0.000144,0.005365
0.000227,-0.000146,0.005362
0.000228,-0.000147,0.005358
0.000228,-0.000147,0.005357
0.000228,-0.000147,0.005355
0.000227,-0.000146,0.005353
0.000227,-0.000146,0.005353
0.000229,-0.000148,0.005351
0.000228,-0.000148,0.005347
0.000228,-0.000147,0.005343
0.000228,-0.000148,0.005342
0.000229,-0.000147,0.005342
0.000228,-0.000148,0.005341
0.000228,-0.000148,0.005341
0.000226,-0.000150,0.005341
0.000226,-0.000152,0.005341
0.000225,-0.000149,0.005340
0.000225,-0.000149,0.005337
0.000224,-0.000150,0.005333
0.000222,-0.000150,0.005329
0.000221,-0.000149,0.005327
0.000221,-0.000151,0.005326
0.000221,-0.000149,0.005326
0.000221,-0.000148,0.005329
0.000223,-0.000147,0.005332
0.000225,-0.000145,0.005333
0.000227,-0.000147,0.005332
0.000225,-0.000147,0.005330
0.000225,-0.000147,0.005328
0.000223,-0.000148,0.005326
0.000223,-0.000148,0.005324
0.000223,-0.000148,0.005321
0.000222,-0.000148,0.005318
0.000221,-0.000148,0.005316
0.000219,-0.000148,0.005315
0.000220,-0.000149,0.005318
0.000220,-0.000149,0.005323
0.000220,-0.000150,0.005329
0.000222,-0.000152,0.005335
0.000223,-0.000152,0.005343
0.000222,-0.000151,0.005349
0.000223,-0.000152,0.005351
0.000222,-0.000153,0.005351
0.000223,-0.000154,0.005352
0.000224,-0.000155,0.005352
0.000225,-0.000155,0.005355
0.000225,-0.000154,0.005361
0.000227,-0.000153,0.005369
0.000227,-0.000153,0.005374
0.000230,-0.000153,0.005375
0.000228,-0.000151,0.005375
0.000229,-0.000149,0.005377
0.000229,-0.000150,0.005377
0.000230,-0.000152,0.005377
0.000230,-0.000152,0.005376
0.000231,-0.000154,0.005377
0.000231,-0.000151,0.005376
0.000233,-0.000148,0.005377
0.000233,-0.000148,0.005377
0.000233,-0.000147,0.005374
0.000233,-0.000149,0.005377
0.000234,-0.000148,0.005382
0.000234,-0.000149,0.005390
0.000235,-0.000150,0.005394
0.000236,-0.000150,0.005400
0.000235,-0.000151,0.005403
0.000234,-0.000154,0.005406
0.000236,-0.000151,0.005410
0.000237,-0.000149,0.005415
0.000238,-0.000151,0.005415
0.000238,-0.000152,0.005412
0.000237,-0.000152,0.005412
0.000237,-0.000151,0.005409
0.000236,-0.000152,0.005405
0.000237,-0.000154,0.005401
0.000235,-0.000153,0.005398
0.000236,-0.000153,0.005398
0.000237,-0.000152,0.005395
0.000236,-0.000150,0.005392
0.000235,-0.000148,0.005392
0.000235,-0.000150,0.005387
0.000233,-0.000148,0.005382
0.000232,-0.000146,0.005380
0.000231,-0.000148,0.005377
0.000232,-0.000148,0.005376
0.000231,-0.000148,0.005374
0.000230,-0.000149,0.005369
0.000229,-0.000149,0.005367
0.000228,-0.000150,0.005367
0.000229,-0.000150,0.005366
0.000228,-0.000150,0.005363
0.000227,-0.000151,0.005360
0.000226,-0.000153,0.005358
0.000225,-0.000153,0.005355
0.000224,-0.000151,0.005354
0.000224,-0.000150,0.005352
0.000225,-0.000151,0.005352
0.000225,-0.000149,0.005352
0.000224,-0.000149,0.005354
0.000227,-0.000149,0.005355
0.000225,-0.000149,0.005357
0.000224,-0.000146,0.005356
0.000223,-0.000143,0.005353
0.000223,-0.000143,0.005349
0.000222,-0.000143,0.005347
0.000222,-0.000143,0.005347
0.000223,-0.000143,0.005349
0.000223,-0.000143,0.005348
0.000225,-0.000143,0.005348
0.000225,-0.000143,0.005347
0.000228,-0.000143,0.005349
0.000227,-0.000142,0.005351
0.000228,-0.000142,0.005354
0.000228,-0.000144,0.005356
0.000228,-0.000144,0.005354
0.000228,-0.000143,0.005354
0.000228,-0.000144,0.005354
0.000227,-0.000147,0.005355
0.000227,-0.000149,0.005356
0.000229,-0.000148,0.005361
0.000230,-0.000147,0.005367
0.000229,-0.000146,0.005372
0.000230,-0.000145,0.005376
0.000231,-0.000145,0.005378
0.000231,-0.000144,0.005378
0.000230,-0.000144,0.005378
0.000230,-0.000144,0.005378
0.000229,-0.000145,0.005379
0.000230,-0.000146,0.005380
0.000231,-0.000146,0.005379
0.000232,-0.000145,0.005380
0.000231,-0.000145,0.005382
0.000230,-0.000146,0.005383
0.000231,-0.000146,0.005387
0.000232,-0.000145,0.005388
0.000233,-0.000146,0.005391
0.000231,-0.000145,0.005392
0.000231,-0.000145,0.005392
0.000232,-0.000145,0.005394
0.000230,-0.000146,0.005399
0.000229,-0.000149,0.005403
0.000230,-0.000150,0.005408
0.000232,-0.000148,0.005415
0.000232,-0.000148,0.005417
0.000233,-0.000148,0.005417
0.000235,-0.000148,0.005418
0.000234,-0.000148,0.005417
0.000235,-0.000148,0.005416
0.000236,-0.000145,0.005415
0.000236,-0.000146,0.005414
0.000239,-0.000144,0.005412
0.000242,-0.000142,0.005409
0.000241,-0.000141,0.005406
0.000239,-0.000142,0.005405
0.000240,-0.000141,0.005402
0.000240,-0.000142,0.005403
0.000239,-0.000143,0.005402
0.000237,-0.000142,0.005403
0.000237,-0.000141,0.005405
0.000238,-0.000141,0.005407
0.000239,-0.000140,0.005408
0.000240,-0.000140,0.005411
0.000241,-0.000142,0.005409
0.000239,-0.000143,0.005407
0.000238,-0.000144,0.005407
0.000237,-0.000146,0.005404
0.000238,-0.000146,0.005404
0.000239,-0.000146,0.005403
0.000240,-0.000146,0.005404
0.000240,-0.000146,0.005405
0.000240,-0.000146,0.005403
0.000241,-0.000147,0.005399
0.000241,-0.000148,0.005394
0.000240,-0.000149,0.005390
0.000241,-0.000149,0.005387
0.000240,-0.000148,0.005384
0.000241,-0.000146,0.005380
0.000241,-0.000144,0.005377
0.000240,-0.000145,0.005375
0.000238,-0.000146,0.005375
0.000238,-0.000147,0.005377
0.000238,-0.000148,0.005380
0.000238,-0.000146,0.005383
0.000239,-0.000148,0.005387
0.000236,-0.000148,0.005388
0.000234,-0.000148,0.005388
0.000233,-0.000148,0.005390
0.000232,-0.000148,0.005391
0.000230,-0.000149,0.005390
0.000230,-0.000149,0.005391
0.000229,-0.000149,0.005394
0.000226,-0.000150,0.005396
0.000226,-0.000153,0.005395
0.000228,-0.000151,0.005391
0.000228,-0.000150,0.005389
0.000226,-0.000150,0.005387
0.000226,-0.000150,0.005389
0.000227,-0.000153,0.005393
0.000226,-0.000152,0.005399
0.000227,-0.000154,0.005404
0.000228,-0.000155,0.005408
0.000228,-0.000154,0.005411
0.000228,-0.000154,0.005415
0.000228,-0.000153,0.005420
0.000228,-0.000152,0.005423
0.000228,-0.000152,0.005426
0.000229,-0.000150,0.005430
0.000229,-0.000149,0.005430
0.000230,-0.000145,0.005431
0.000231,-0.000141,0.005431
0.000233,-0.000139,0.005428
0.000233,-0.000140,0.005425
0.000234,-0.000139,0.005426
0.000233,-0.000139,0.005425
0.000235,-0.000139,0.005424
0.000235,-0.000139,0.005417
0.000232,-0.000141,0.005415
0.000232,-0.000139,0.005414
0.000233,-0.000136,0.005413
0.000234,-0.000135,0.005413
0.000234,-0.000135,0.005412
0.000236,-0.000136,0.005412
0.000237,-0.000136,0.005412
0.000235,-0.000138,0.005410
0.000234,-0.000138,0.005410
0.000233,-0.000140,0.005409
0.000235,-0.000141,0.005411
0.000236,-0.000141,0.005413
0.000235,-0.000143,0.005415
0.000235,-0.000144,0.005415
0.000234,-0.000146,0.005414
0.000236,-0.000148,0.005416
0.000237,-0.000147,0.005420
0.000237,-0.000147,0.005424
0.000239,-0.000147,0.005428
0.000237,-0.000149,0.005432
0.000237,-0.000148,0.005437
0.000237,-0.000147,0.005440
0.000236,-0.000148,0.005445
0.000237,-0.000148,0.005450
0.000235,-0.000149,0.005454
0.000236,-0.000148,0.005459
0.000236,-0.000147,0.005461
0.000236,-0.000148,0.005461
0.000237,-0.000150,0.005460
0.000235,-0.000149,0.005459
0.000234,-0.000149,0.005459
0.000233,-0.000152,0.005458
0.000232,-0.000150,0.005458
0.000232,-0.000149,0.005457
0.000232,-0.000148,0.005455
0.000232,-0.000147,0.005456
0.000233,-0.000148,0.005456
0.000232,-0.000149,0.005453
0.000232,-0.000148,0.005451
0.000231,-0.000147,0.005450
0.000232,-0.000148,0.005449
0.000229,-0.000149,0.005446
0.000228,-0.000148,0.005441
0.000226,-0.000145,0.005438
0.000226,-0.000145,0.005434
0.000225,-0.000146,0.005432
0.000226,-0.000145,0.005433
0.000228,-0.000145,0.005433
0.000229,-0.000144,0.005431
0.000229,-0.000145,0.005427
0.000229,-0.000142,0.005424
0.000229,-0.000141,0.005417
0.000228,-0.000140,0.005413
0.000227,-0.000140,0.005413
0.000227,-0.000141,0.005411
0.000226,-0.000141,0.005410
0.000227,-0.000144,0.005410
0.000228,-0.000143,0.005409
0.000228,-0.000143,0.005408
0.000228,-0.000143,0.005404
0.000227,-0.000142,0.005399
0.000228,-0.000142,0.005397
0.000228,-0.000142,0.005395
0.000229,-0.000142,0.005395
0.000227,-0.000142,0.005395
0.000229,-0.000144,0.005396
0.000228,-0.000143,0.005398
0.000230,-0.000143,0.005401
0.000231,-0.000143,0.005406
0.000233,-0.000140,0.005408
0.000231,-0.000140,0.005405
0.000231,-0.000140,0.005404
0.000232,-0.000142,0.005400
0.000230,-0.000141,0.005396
0.000230,-0.000143,0.005391
0.000229,-0.000142,0.005388
0.000230,-0.000143,0.005383
0.000228,-0.000144,0.005378
0.000229,-0.000144,0.005372
0.000228,-0.000145,0.005367
0.000227,-0.000145,0.005368
0.000227,-0.000146,0.005369
0.000227,-0.000146,0.005375
0.000229,-0.000148,0.005379
0.000228,-0.000148,0.005385
0.000228,-0.000149,0.005388
0.000227,-0.000149,0.005393
0.000225,-0.000148,0.005397
0.000225,-0.000148,0.005401
0.000226,-0.000147,0.005406
0.000228,-0.000146,0.005407
0.000228,-0.000143,0.005403
0.000226,-0.000141,0.005392
0.000225,-0.000140,0.005377
0.000225,-0.000140,0.005364
0.000223,-0.000139,0.005354
0.000223,-0.000139,0.005350
0.000224,-0.000138,0.005345
0.000224,-0.000137,0.005342
0.000224,-0.000137,0.005337
0.000224,-0.000138,0.005330
0.000222,-0.000140,0.005321
0.